Jul24,2018	451.14	481.14	450.57	479.37	2,287,520,000	45,509,800,000
Jul23,2018	459.44	469.77	449.73	450.85	1,597,000,000	46,338,000,000
Jul22,2018	462.44	470.9	458.12	459.66	1,338,590,000	46,630,900,000
Jul21,2018	450.68	468.08	445.78	462.44	1,504,310,000	45,435,900,000
Jul20,2018	469.31	469.31	443.69	450.7	1,821,350,000	47,304,500,000
Jul19,2018	480.63	483.24	465.14	469.62	2,068,740,000	48,435,700,000
Jul18,2018	500.84	513.43	474.36	480.51	2,371,560,000	50,462,200,000
Jul17,2018	480.08	508.78	468.92	501	2,288,100,000	48,360,500,000
Jul16,2018	450.43	480.66	446.8	480.66	1,858,680,000	45,364,300,000
Jul15,2018	435.88	454	433.92	449.85	1,350,160,000	43,890,800,000
Jul14,2018	434.51	439.43	431.47	436.09	1,235,820,000	43,743,700,000
Jul13,2018	430.74	442.36	430.74	434.03	1,489,670,000	43,355,400,000
Jul12,2018	446.5	446.5	422.81	430.07	1,495,440,000	44,932,700,000
Jul11,2018	434.52	447.32	429.51	446.52	1,422,470,000	43,717,400,000
Jul10,2018	476.16	478.32	433.96	434.42	1,789,070,000	47,897,900,000
Jul09,2018	488.88	490.85	475.18	476.68	1,533,800,000	49,166,900,000
Jul08,2018	492.07	503.2	488.42	489.12	1,344,560,000	49,477,700,000
Jul07,2018	474.06	491.66	466.84	491.66	1,358,360,000	47,656,900,000
Jul06,2018	474.36	479.65	457.62	474.01	1,627,610,000	47,677,400,000
Jul05,2018	467.29	483.23	464.63	474.41	1,828,610,000	46,957,300,000
Jul04,2018	464.15	481.44	455.19	467.32	1,549,770,000	46,632,600,000
Jul03,2018	475.39	483.85	462.58	464.2	1,683,940,000	47,751,700,000
Jul02,2018	453.82	479.13	447.11	475.35	1,625,790,000	45,576,400,000
Jul01,2018	455.24	457.14	446.39	453.92	1,511,730,000	45,709,500,000
Jun30,2018	436.21	458.8	436.21	455.18	1,475,940,000	43,789,500,000
Jun29,2018	422.59	441.79	407.95	436.01	1,564,500,000	42,413,400,000
Jun28,2018	442.29	443.62	419.68	422.37	1,360,790,000	44,381,900,000
Jun27,2018	432.24	444.24	424.84	442.37	1,368,940,000	43,364,900,000
Jun26,2018	460.73	461.21	432.77	432.77	1,356,560,000	46,213,600,000
Jun25,2018	455.94	470.34	448.9	460.31	4,007,950,000	45,723,100,000
Jun24,2018	474.77	475.36	426.47	457.67	2,490,580,000	47,601,900,000
Jun23,2018	466.27	479.13	462.39	474.52	1,651,380,000	46,740,700,000
Jun22,2018	527.19	527.19	456.88	465.82	2,226,030,000	52,836,600,000
Jun21,2018	536.45	543.72	524.26	527.37	1,462,070,000	53,752,900,000
Jun20,2018	538.51	541.02	519.37	536.27	1,596,290,000	53,948,200,000
Jun19,2018	519.02	542.35	516.31	537.96	1,726,570,000	51,985,700,000
Jun18,2018	499.38	521.8	494.07	518.89	1,513,870,000	50,008,200,000
Jun17,2018	499.46	507.64	498.65	500.45	1,264,870,000	50,005,800,000
Jun16,2018	490.41	503.22	488.85	499.64	1,314,110,000	49,090,100,000
Jun15,2018	520.48	521.31	487.47	491	1,808,270,000	52,088,900,000
Jun14,2018	478.38	523.55	467.47	519.74	2,458,650,000	47,865,900,000
Jun13,2018	498.02	501.91	459	477.49	2,080,130,000	49,820,500,000
Jun12,2018	532.71	538.96	491.24	496.84	1,932,760,000	53,280,100,000
Jun11,2018	524.86	536.86	515.27	533.28	1,982,120,000	52,483,700,000
Jun10,2018	594.35	594.35	511.89	526.48	2,234,880,000	59,420,100,000
Jun09,2018	600.91	608.58	597.56	597.56	1,519,310,000	60,063,400,000
Jun08,2018	605.44	608.81	595.59	601.08	1,637,780,000	60,504,500,000
Jun07,2018	607.69	616.14	601.69	605.19	1,880,140,000	60,716,100,000
Jun06,2018	610.26	611.64	596.4	607.12	1,756,530,000	60,960,700,000
Jun05,2018	593.41	611.33	580.98	609.3	1,844,270,000	59,264,900,000
Jun04,2018	619.44	623.43	583.75	592.99	1,903,430,000	61,851,800,000
Jun03,2018	591.26	624.51	591.26	618.33	1,832,550,000	59,026,100,000
Jun02,2018	580.43	597.08	577.32	591.81	1,880,390,000	57,932,900,000
Jun01,2018	578.67	589.09	567.67	580.04	1,945,890,000	57,745,700,000
May31,2018	558.5	585.54	557.07	577.65	1,985,040,000	55,720,800,000
May30,2018	566.83	583.14	545.43	559.59	2,053,970,000	56,540,500,000
May29,2018	516.15	572.26	516.15	565.39	2,330,820,000	51,474,400,000
May28,2018	573.05	576.05	512.55	516.04	2,356,900,000	57,136,700,000
May27,2018	588.52	590.33	562.87	572.67	1,788,790,000	58,667,600,000
May26,2018	587.43	606.18	583.51	587.28	1,694,300,000	58,546,400,000
May25,2018	602.14	617.19	575.62	586.73	2,110,920,000	60,000,400,000
May24,2018	584.54	610.82	557.21	601.76	2,791,100,000	58,234,400,000
May23,2018	646.67	651.64	572.95	583.59	2,995,430,000	64,411,000,000
May22,2018	700.18	700.98	644.03	647.74	2,230,470,000	69,726,300,000
May21,2018	717.19	719.28	692.49	699.22	2,005,170,000	71,405,800,000
May20,2018	697.92	723.75	692.67	715.37	2,156,910,000	69,472,800,000
May19,2018	695.07	715.58	686.79	696.53	2,021,550,000	69,174,600,000
May18,2018	672.1	695.03	663.81	694.37	2,305,740,000	66,874,700,000
May17,2018	708.72	718.83	668.83	672.66	2,350,620,000	70,503,400,000
May16,2018	708.09	710.2	682.54	707.05	2,476,130,000	70,426,200,000
May15,2018	731.14	739.05	701	708.87	2,523,070,000	72,704,300,000
May14,2018	732.73	742.17	695.79	730.55	3,005,110,000	72,847,500,000
May13,2018	687.18	741.31	675.32	733.5	2,362,500,000	68,304,000,000
May12,2018	679.88	691.41	644.07	686.05	2,668,480,000	67,564,600,000
May11,2018	727.01	736.98	669.83	679.59	3,290,080,000	72,233,800,000
May10,2018	752.58	766.75	726.66	727.28	2,748,950,000	74,758,700,000
May09,2018	752.9	759.53	718.47	752.28	2,877,870,000	74,775,300,000
May08,2018	755.01	774.25	728.13	752.86	2,920,490,000	74,969,200,000
May07,2018	793.34	795.76	710.18	753.73	4,316,120,000	78,758,700,000
May06,2018	816.09	835.06	764.88	792.31	3,105,570,000	81,000,200,000
May05,2018	784.58	827.46	784.24	816.12	3,035,040,000	77,857,000,000
May04,2018	776.78	803.75	762.63	785.62	3,533,410,000	77,066,200,000
May03,2018	686.59	784.34	686.59	779.54	4,210,940,000	68,104,600,000
May02,2018	674.08	688.84	667.42	687.15	2,822,270,000	66,849,100,000
May01,2018	670.46	674.4	637.54	673.61	2,678,960,000	66,477,200,000
Apr30,2018	689.76	694.44	666.12	669.92	2,853,100,000	68,376,400,000
Apr29,2018	683.91	697.76	670.51	688.88	2,740,560,000	67,782,400,000
Apr28,2018	644.65	691.44	644.65	683.68	2,496,660,000	63,877,700,000
Apr27,2018	662.11	684.87	647.03	647.03	2,598,130,000	65,594,600,000
Apr26,2018	618.08	663.18	604.01	662.81	2,984,010,000	61,219,700,000
Apr25,2018	707.06	707.06	600.21	615.42	4,216,140,000	70,018,900,000
Apr24,2018	643.4	708.88	643.4	708.16	3,581,860,000	63,701,200,000
Apr23,2018	621.2	646.7	621.04	642.55	2,386,830,000	61,490,600,000
Apr22,2018	606.12	640.77	593.87	621.86	2,426,270,000	59,985,500,000
Apr21,2018	616	621.89	578.55	605.4	2,612,460,000	60,951,100,000
Apr20,2018	567.99	618.72	560.28	615.72	2,849,470,000	56,188,700,000
Apr19,2018	524.04	567.89	523.26	567.89	2,256,870,000	51,829,900,000
Apr18,2018	503.31	525.09	503.05	524.79	1,762,940,000	49,769,600,000
Apr17,2018	511.15	518.03	502.56	502.89	1,760,360,000	50,534,000,000
Apr16,2018	532.07	534.2	500.25	511.15	1,758,980,000	52,592,200,000
Apr15,2018	502.88	531.7	502.88	531.7	1,726,090,000	49,696,300,000
Apr14,2018	492.58	512.02	488.28	501.48	1,519,080,000	48,668,400,000
Apr13,2018	493.16	526.47	482.66	492.74	2,419,250,000	48,715,400,000
Apr12,2018	430.16	493.06	417.41	492.94	2,519,360,000	42,483,600,000
Apr11,2018	415.02	430.54	412.47	430.54	1,439,040,000	40,980,200,000
Apr10,2018	399.41	415.89	393.88	414.24	1,196,000,000	39,430,400,000
Apr09,2018	400.86	429.25	390.61	398.53	1,478,390,000	39,565,100,000
Apr08,2018	385.74	402.59	385.6	400.51	948,488,000	38,065,400,000
Apr07,2018	370.38	393.06	369.94	385.31	951,475,000	36,541,900,000
Apr06,2018	382.73	385.2	366.91	370.29	967,106,000	37,752,600,000
Apr05,2018	379.95	387.72	369.82	383.23	1,210,680,000	37,470,200,000
Apr04,2018	416.49	417.47	375.31	380.54	1,287,730,000	41,065,100,000
Apr03,2018	387.31	418.97	383.53	416.89	1,363,400,000	38,180,800,000
Apr02,2018	379.7	395.17	377.59	386.43	1,102,260,000	37,422,500,000
Apr01,2018	397.25	400.53	363.81	379.61	1,256,930,000	39,144,700,000
Mar31,2018	395	418.47	392.95	396.46	1,323,920,000	38,914,900,000
Mar30,2018	385.91	409.93	368.63	394.65	1,878,130,000	38,010,600,000
Mar29,2018	448.08	450.81	385.81	385.97	1,970,230,000	44,125,000,000
Mar28,2018	450.29	466.21	444.86	446.28	1,514,180,000	44,334,000,000
Mar27,2018	489.59	491.46	449.97	450.12	1,617,940,000	48,193,300,000
Mar26,2018	524.29	526.38	470.44	489.95	1,638,880,000	51,598,000,000
Mar25,2018	522.7	535.82	515.66	524.29	1,151,170,000	51,431,600,000
Mar24,2018	542.57	545.38	526.08	526.44	1,300,010,000	53,375,400,000
Mar23,2018	539.86	540.49	512.13	539.62	1,596,350,000	53,098,100,000
Mar22,2018	562.1	577.57	523.09	539.7	1,523,460,000	55,273,800,000
Mar21,2018	559.1	589.61	550.57	561.73	1,781,270,000	54,967,300,000
Mar20,2018	556.72	567.09	521.2	557.18	1,833,680,000	54,722,100,000
Mar19,2018	546.63	558.1	519.12	556.73	2,046,790,000	53,718,600,000
Mar18,2018	551.64	551.64	460.09	538.64	2,685,500,000	54,200,100,000
Mar17,2018	601.68	609.15	549.1	552.78	1,267,810,000	59,104,200,000
Mar16,2018	611.78	623.17	587.86	601.67	1,417,350,000	60,083,700,000
Mar15,2018	614.84	620.62	579.51	611.3	1,770,460,000	60,371,800,000
Mar14,2018	691.22	702.78	594.1	614.29	1,810,560,000	67,857,600,000
Mar13,2018	698.15	713.74	682.35	690.83	1,425,960,000	68,524,000,000
Mar12,2018	724.41	742.51	683.27	699.83	1,765,000,000	71,086,000,000
Mar11,2018	685.31	735.83	668.12	723.34	1,562,680,000	67,235,700,000
Mar10,2018	730.16	748.03	682.7	686.89	1,532,960,000	71,620,700,000
Mar09,2018	702.2	729.16	648.11	728.92	2,233,020,000	68,863,600,000
Mar08,2018	752.57	773.77	696.17	704.6	1,891,640,000	73,788,400,000
Mar07,2018	816.27	825.61	726.55	752.83	2,175,420,000	80,017,300,000
Mar06,2018	853.82	853.82	809.93	816.95	1,943,070,000	83,680,400,000
Mar05,2018	866.85	869.92	853.52	853.68	1,898,490,000	84,939,700,000
Mar04,2018	856.19	867.95	840.28	866.68	1,697,940,000	83,877,800,000
Mar03,2018	856.71	868.45	855.21	857.23	1,699,370,000	83,911,700,000
Mar02,2018	871.76	876.38	852.42	856.85	1,894,420,000	85,368,100,000
Mar01,2018	856.01	880.3	851.92	872.2	1,868,520,000	83,808,200,000
Feb28,2018	877.93	890.11	855.12	855.2	1,963,980,000	85,936,400,000
Feb27,2018	870.37	896.26	867.1	878.27	2,053,980,000	85,177,800,000
Feb26,2018	845.28	880.39	842.32	869.32	2,044,480,000	82,705,400,000
Feb25,2018	839.46	853.15	822.38	844.81	1,646,960,000	82,119,100,000
Feb24,2018	861.59	879.53	818.55	840.52	1,926,580,000	84,266,700,000
Feb23,2018	811.59	886.32	794.79	864.19	2,334,820,000	79,358,900,000
Feb22,2018	849.26	875.93	802.67	812.85	2,150,370,000	83,025,800,000
Feb21,2018	894.14	912.38	830.56	849.97	2,531,730,000	87,394,200,000
Feb20,2018	943.57	965.27	892.95	895.37	2,545,260,000	92,206,500,000
Feb19,2018	921.67	957.78	921.55	943.87	2,169,020,000	90,047,700,000
Feb18,2018	973.35	982.93	915.45	923.92	2,567,290,000	95,077,100,000
Feb17,2018	944.75	976.6	940.75	974.12	2,525,720,000	92,264,000,000
Feb16,2018	934.79	950.01	917.85	944.21	2,369,450,000	91,272,100,000
Feb15,2018	923.73	951.95	911.11	936.98	2,900,100,000	90,173,300,000
Feb14,2018	844.28	926.43	844.28	923.56	2,818,370,000	82,400,600,000
Feb13,2018	869.29	870.71	828.84	845.26	2,081,170,000	84,824,200,000
Feb12,2018	817.51	875.94	817.51	868.71	2,243,450,000	79,754,400,000
Feb11,2018	859.29	859.29	788.22	814.66	2,486,650,000	83,813,000,000
Feb10,2018	882.47	917.4	825.58	860.42	2,930,530,000	86,055,600,000
Feb09,2018	818.48	884	788.83	883.87	2,495,820,000	79,799,300,000
Feb08,2018	755.84	845.09	755.84	817.81	3,708,190,000	73,676,900,000
Feb07,2018	790.43	851.2	723.43	757.07	3,896,180,000	77,032,000,000
Feb06,2018	707.74	796.44	574.42	793.12	6,518,270,000	68,958,700,000
Feb05,2018	834.96	856.65	644.6	697.95	4,269,530,000	81,337,400,000
Feb04,2018	964.67	969.03	805.06	834.68	2,997,090,000	93,953,400,000
Feb03,2018	919.21	991.94	847.69	964.02	3,243,480,000	89,507,600,000
Feb02,2018	1,035.77	1,035.77	757.98	915.79	6,713,290,000	100,836,000,000
Feb01,2018	1,119.37	1,161.35	984.82	1,036.79	5,261,680,000	108,952,000,000
Jan31,2018	1,071.09	1,128.66	1,034.50	1,118.31	3,757,560,000	104,231,000,000
Jan30,2018	1,184.13	1,184.63	1,058.97	1,071.13	4,107,860,000	115,207,000,000
Jan29,2018	1,246.70	1,256.70	1,169.08	1,182.36	3,715,080,000	121,269,000,000
Jan28,2018	1,111.78	1,257.77	1,111.78	1,246.01	5,372,330,000	108,122,000,000
Jan27,2018	1,055.75	1,121.98	1,042.12	1,107.07	3,002,870,000	102,651,000,000
Jan26,2018	1,052.70	1,080.60	996.78	1,055.17	3,617,690,000	102,334,000,000
Jan25,2018	1,063.22	1,104.66	1,034.74	1,056.03	4,050,190,000	103,335,000,000
Jan24,2018	987.48	1,062.44	965.81	1,058.78	3,944,040,000	95,952,700,000
Jan23,2018	1,004.17	1,023.23	920.54	986.23	3,556,700,000	97,554,300,000
Jan22,2018	1,055.35	1,089.10	930.74	1,003.26	3,810,100,000	102,504,000,000
Jan21,2018	1,155.68	1,155.68	1,021.50	1,049.58	3,378,090,000	112,226,000,000
Jan20,2018	1,044.95	1,167.11	1,044.95	1,155.15	3,975,190,000	101,451,000,000
Jan19,2018	1,028.82	1,093.22	1,003.71	1,039.10	4,084,450,000	99,863,900,000
Jan18,2018	1,016.44	1,100.31	967.76	1,036.28	5,938,320,000	98,642,100,000
Jan17,2018	1,061.34	1,090.23	780.92	1,014.25	8,545,160,000	102,974,000,000
Jan16,2018	1,292.63	1,292.63	875.55	1,053.69	8,405,140,000	125,389,000,000
Jan15,2018	1,365.21	1,390.59	1,290.60	1,291.92	4,781,100,000	132,404,000,000
Jan14,2018	1,397.48	1,400.56	1,286.21	1,366.77	4,841,630,000	135,503,000,000
Jan13,2018	1,270.47	1,432.88	1,270.47	1,396.42	5,746,760,000	123,163,000,000
Jan12,2018	1,158.29	1,296.04	1,120.09	1,273.20	5,222,300,000	112,263,000,000
Jan11,2018	1,268.09	1,337.30	1,135.17	1,154.93	7,235,900,000	122,879,000,000
Jan10,2018	1,300.34	1,417.38	1,226.60	1,255.82	9,214,950,000	125,976,000,000
Jan09,2018	1,146.00	1,320.98	1,145.49	1,299.74	7,965,460,000	110,999,000,000
Jan08,2018	1,158.26	1,266.93	1,016.05	1,148.53	8,450,970,000	112,164,000,000
Jan07,2018	1,043.01	1,153.17	1,043.01	1,153.17	5,569,880,000	100,981,000,000
Jan06,2018	995.15	1,060.71	994.62	1,041.68	4,662,220,000	96,326,500,000
Jan05,2018	975.75	1,075.39	956.33	997.72	6,683,150,000	94,423,900,000
Jan04,2018	961.71	1,045.08	946.09	980.92	6,502,860,000	93,049,400,000
Jan03,2018	886	974.47	868.45	962.72	5,093,160,000	85,703,500,000
Jan02,2018	772.35	914.83	772.35	884.44	5,783,350,000	74,695,700,000
Jan01,2018	755.76	782.53	742	772.64	2,595,760,000	73,075,800,000
Dec31,2017	712.21	760.35	710.12	756.73	2,554,270,000	68,850,800,000
Dec30,2017	753.82	753.82	685.23	717.26	3,187,780,000	72,856,900,000
Dec29,2017	740.39	770.12	729.61	753.59	2,648,970,000	71,544,300,000
Dec28,2017	762.21	763.32	701.19	737.02	2,389,150,000	73,637,100,000
Dec27,2017	774.97	789.25	738.41	762.84	2,100,030,000	74,854,100,000
Dec26,2017	763.37	786.79	760.94	773.84	2,201,160,000	73,717,800,000
Dec25,2017	698.87	782.52	698.87	765.83	2,491,760,000	67,475,100,000
Dec24,2017	721.77	721.77	614.92	694.15	2,300,550,000	69,671,200,000
Dec23,2017	681.32	763.9	679.73	719.39	2,480,340,000	65,752,100,000
Dec22,2017	822.64	827.68	543.76	674.86	4,977,710,000	79,374,400,000
Dec21,2017	820.24	880.54	792.69	821.06	3,569,060,000	79,125,300,000
Dec20,2017	827.52	845.06	756	819.09	3,969,940,000	79,810,600,000
Dec19,2017	793.9	881.94	785.34	826.82	4,096,550,000	76,552,200,000
Dec18,2017	721.73	803.93	689.23	794.65	3,249,230,000	69,578,400,000
Dec17,2017	696.24	735.83	696.24	719.98	2,147,390,000	67,106,400,000
Dec16,2017	686.19	718.39	680.79	696.21	2,165,690,000	66,124,200,000
Dec15,2017	696.38	697.13	621.06	684.45	2,758,710,000	67,090,900,000
Dec14,2017	700.59	753.12	664.99	695.82	3,821,580,000	67,482,900,000
Dec13,2017	644.91	747.99	597.8	702.77	4,524,540,000	62,105,600,000
Dec12,2017	522.29	657.32	504.49	651.43	5,179,830,000	50,286,400,000
Dec11,2017	440.36	516.97	439.1	515.14	1,771,440,000	42,389,300,000
Dec10,2017	472.79	472.79	429.51	441.72	1,404,180,000	45,501,400,000
Dec09,2017	457.34	504.15	456.25	473.5	2,003,850,000	44,005,600,000
Dec08,2017	434.99	466.06	422.37	456.03	2,336,380,000	41,845,800,000
Dec07,2017	426.37	441.4	414.41	434.41	2,129,570,000	41,007,600,000
Dec06,2017	462.6	462.71	420.21	428.59	1,998,260,000	44,483,100,000
Dec05,2017	470.29	473.56	457.66	463.28	1,216,720,000	45,212,800,000
Dec04,2017	466.05	474.78	453.31	470.2	1,005,550,000	44,795,700,000
Dec03,2017	463.71	482.81	451.85	465.85	990,557,000	44,560,500,000
Dec02,2017	466.85	476.24	456.65	463.45	943,650,000	44,853,300,000
Dec01,2017	445.21	472.61	428.31	466.54	1,247,880,000	42,765,000,000
Nov30,2017	431.22	465.5	401.24	447.11	1,903,040,000	41,411,900,000
Nov29,2017	473.28	522.31	425.07	427.52	2,675,940,000	45,442,100,000
Nov28,2017	480.52	482.48	466.35	472.9	1,346,500,000	46,127,200,000
Nov27,2017	471.53	493.41	468.49	480.36	1,396,480,000	45,255,000,000
Nov26,2017	465.97	472.72	451.61	471.33	1,197,780,000	44,712,100,000
Nov25,2017	475.68	485.19	461.05	466.28	1,422,080,000	45,633,400,000
Nov24,2017	412.5	480.97	402.76	474.91	2,292,830,000	39,564,300,000
Nov23,2017	381.44	425.55	376.09	410.17	1,845,680,000	36,577,300,000
Nov22,2017	360.31	381.42	360.15	380.65	800,819,000	34,544,000,000
Nov21,2017	367.44	372.47	350.69	360.4	949,912,000	35,220,200,000
Nov20,2017	354.09	372.14	353.29	366.73	807,027,000	33,933,400,000
Nov19,2017	347.4	371.29	344.74	354.39	1,181,530,000	33,284,900,000
Nov18,2017	331.98	349.62	327.69	347.61	649,639,000	31,800,700,000
Nov17,2017	330.17	334.96	327.52	332.39	621,733,000	31,620,300,000
Nov16,2017	333.44	336.16	323.61	330.92	797,254,000	31,927,300,000
Nov15,2017	337.96	340.91	329.81	333.36	722,666,000	32,353,200,000
Nov14,2017	316.76	340.18	316.76	337.63	1,069,680,000	30,317,300,000
Nov13,2017	307.03	328.42	307.03	316.72	1,041,890,000	29,379,000,000
Nov12,2017	314.69	319.15	298.51	307.91	1,613,480,000	30,106,200,000
Nov11,2017	298.59	319.45	298.19	314.68	842,301,000	28,559,400,000
Nov10,2017	320.67	324.72	294.54	299.25	885,986,000	30,665,200,000
Nov09,2017	308.65	329.45	307.06	320.88	893,250,000	29,509,000,000
Nov08,2017	294.27	318.7	293.1	309.07	967,956,000	28,128,700,000
Nov07,2017	298.57	304.84	290.77	294.66	540,766,000	28,533,300,000
Nov06,2017	296.43	305.42	293.72	298.89	579,359,000	28,322,700,000
Nov05,2017	300.04	301.37	295.12	296.26	337,658,000	28,661,500,000
Nov04,2017	305.48	305.48	295.8	300.47	416,479,000	29,175,300,000
Nov03,2017	288.5	308.31	287.69	305.71	646,340,000	27,547,400,000
Nov02,2017	290.73	293.91	281.17	287.43	904,901,000	27,754,200,000
Nov01,2017	305.76	306.4	290.58	291.69	553,864,000	29,183,600,000
Oct31,2017	307.38	310.55	305.88	305.88	369,583,000	29,331,500,000
Oct30,2017	304.78	310.5	304.35	307.75	331,442,000	29,077,600,000
Oct29,2017	296.38	313.76	296.38	305.09	551,752,000	28,270,200,000
Oct28,2017	297.92	300.36	293.59	296.3	264,424,000	28,410,400,000
Oct27,2017	296.51	299.26	294.06	297.42	257,169,000	28,270,100,000
Oct26,2017	298.02	301.07	295.22	296.53	270,273,000	28,408,400,000
Oct25,2017	298.44	301.85	290.72	297.93	325,040,000	28,442,000,000
Oct24,2017	287.12	311.96	282.66	298.33	684,281,000	27,357,500,000
Oct23,2017	295.1	295.75	277.58	286.95	482,336,000	28,111,400,000
Oct22,2017	300.55	305.5	292.81	295.45	327,387,000	28,624,800,000
Oct21,2017	303.57	303.93	291.77	300.19	408,014,000	28,906,600,000
Oct20,2017	308.05	311.44	303.49	304.01	396,673,000	29,326,300,000
Oct19,2017	314.54	316.71	305.83	308.09	349,830,000	29,937,900,000
Oct18,2017	316.94	317.24	290.64	314.32	606,114,000	30,160,500,000
Oct17,2017	333.48	333.48	311.79	317.08	509,924,000	31,727,700,000
Oct16,2017	336.71	349.35	332.04	333.38	692,885,000	32,029,200,000
Oct15,2017	339.53	342.72	320.43	336.6	635,407,000	32,292,100,000
Oct14,2017	338.85	347.98	334.7	339.63	516,562,000	32,222,400,000
Oct13,2017	304.08	348.6	299.66	338.76	1,304,360,000	28,911,100,000
Oct12,2017	303.5	309.15	303.29	304.14	527,557,000	28,851,200,000
Oct11,2017	301.18	304.39	299.1	303.46	264,146,000	28,626,300,000
Oct10,2017	297.6	306.15	293.17	299.87	359,706,000	28,281,400,000
Oct09,2017	308.67	309.31	288.19	297.39	559,467,000	29,328,300,000
Oct08,2017	311.06	312.54	308.03	308.61	293,167,000	29,550,900,000
Oct07,2017	308.89	313.13	304.98	311.12	342,205,000	29,340,400,000
Oct06,2017	295.16	308.84	294.95	308.59	318,664,000	28,031,100,000
Oct05,2017	292.77	298.04	288.84	295.86	253,747,000	27,800,400,000
Oct04,2017	292.75	299.39	290.9	292.66	257,906,000	27,794,100,000
Oct03,2017	297.48	300.11	288.13	292.46	321,680,000	28,238,500,000
Oct02,2017	302.48	302.92	294.58	297.48	339,443,000	28,708,500,000
Oct01,2017	301.55	303.19	295.06	302.34	306,185,000	28,615,200,000
Sep30,2017	291.48	303.96	291.11	301.47	332,439,000	27,655,200,000
Sep29,2017	299.12	299.92	279.77	291.47	541,375,000	28,375,900,000
Sep28,2017	306.47	307.2	295.47	299.16	501,894,000	29,068,700,000
Sep27,2017	287.02	308.02	286.82	306.47	550,244,000	27,219,400,000
Sep26,2017	292.35	293.75	287.02	287.44	345,801,000	27,720,000,000
Sep25,2017	282.22	293.52	281.88	292.33	483,161,000	26,755,500,000
Sep24,2017	286.21	292.95	278.13	282.48	571,411,000	27,129,900,000
Sep23,2017	264.6	286.17	261.12	286.17	450,934,000	25,077,100,000
Sep22,2017	258.11	270.54	256.22	264.31	430,081,000	24,458,400,000
Sep21,2017	283.26	286.61	255.02	258.58	601,266,000	26,836,000,000
Sep20,2017	282.02	290.89	278.05	283.74	421,404,000	26,712,400,000
Sep19,2017	293.66	295.77	274.48	282.8	646,909,000	27,809,300,000
Sep18,2017	252.23	293.5	252.23	293.5	1,127,750,000	23,881,200,000
Sep17,2017	245.85	257	235.24	251.75	427,452,000	23,272,500,000
Sep16,2017	250.87	262.59	238.22	246.52	711,737,000	23,742,600,000
Sep15,2017	215.22	258.66	195.04	250.46	1,935,700,000	20,364,900,000
Sep14,2017	276.59	280.84	213.91	213.91	1,184,590,000	26,166,100,000
Sep13,2017	291.12	291.12	260.61	277.11	921,692,000	27,535,700,000
Sep12,2017	294.63	311.2	287.23	291.46	753,144,000	27,861,800,000
Sep11,2017	289.75	300.69	286.69	294.53	571,307,000	27,394,400,000
Sep10,2017	294.06	294.76	268.97	288.75	698,326,000	27,797,200,000
Sep09,2017	296.17	299.89	287.22	294.41	528,621,000	27,990,500,000
Sep08,2017	329.64	329.64	285.16	296.5	1,098,780,000	31,147,200,000
Sep07,2017	333.52	333.52	319.94	329.43	718,624,000	31,507,500,000
Sep06,2017	313.8	334.66	313.49	334.34	1,058,830,000	29,639,100,000
Sep05,2017	297.57	318.57	268.29	312.99	1,551,050,000	28,100,000,000
Sep04,2017	347.13	347.13	279.94	295.17	1,801,690,000	32,774,000,000
Sep03,2017	350.23	366.49	332.23	347.48	986,266,000	33,059,800,000
Sep02,2017	387.82	389.35	328.1	348.98	1,483,600,000	36,601,200,000
Sep01,2017	383.47	390.04	383.47	387.74	874,222,000	36,182,900,000
Aug31,2017	378.44	386.14	376.35	383.04	706,254,000	35,701,500,000
Aug30,2017	369.47	388.75	361.97	378.49	1,333,320,000	34,848,400,000
Aug29,2017	347.97	373.76	347.79	370.67	1,220,030,000	32,813,200,000
Aug28,2017	350.04	352.05	338.41	347.75	854,319,000	33,002,700,000
Aug27,2017	334.36	347.89	334.36	347.89	633,370,000	31,517,500,000
Aug26,2017	331.99	334.99	327.92	333.88	514,181,000	31,288,300,000
Aug25,2017	326.11	336.4	325.8	331.92	760,329,000	30,727,900,000
Aug24,2017	317.45	327.96	317.08	325.61	697,665,000	29,904,600,000
Aug23,2017	315.27	324.21	314.54	317.52	811,990,000	29,691,900,000
Aug22,2017	321.06	327.36	297.91	314.79	1,336,400,000	30,229,900,000
Aug21,2017	300.48	347.05	297.23	321.59	2,448,970,000	28,285,500,000
Aug20,2017	296.64	301.43	291.58	301.43	571,947,000	27,918,100,000
Aug19,2017	296.18	301.67	286.18	297.47	860,202,000	27,867,900,000
Aug18,2017	301.7	307.96	292.5	295.59	936,160,000	28,380,200,000
Aug17,2017	302.81	311.03	300.25	301.46	909,494,000	28,477,500,000
Aug16,2017	289.82	303.41	285.39	302.27	967,643,000	27,249,700,000
Aug15,2017	299.95	300.41	279.33	289.82	1,051,800,000	28,195,800,000
Aug14,2017	298.03	306.81	296.41	300.1	864,391,000	28,008,700,000
Aug13,2017	310.37	310.82	289.31	298.06	1,369,370,000	29,161,100,000
Aug12,2017	308.71	317.56	307.9	310.6	1,111,650,000	28,998,700,000
Aug11,2017	294.5	309.21	294.5	308.86	953,576,000	27,657,000,000
Aug10,2017	296.96	306.59	289.93	295.89	1,076,820,000	27,882,200,000
Aug09,2017	297.63	318.72	276.69	296.03	2,638,580,000	27,938,700,000
Aug08,2017	269.1	298.91	266.8	296.77	1,502,410,000	25,254,600,000
Aug07,2017	261.24	271.96	256.69	269.18	935,727,000	24,511,000,000
Aug06,2017	256.42	271.05	252.85	261.57	1,482,980,000	24,053,500,000
Aug05,2017	222.85	256.51	221.95	256.51	1,333,000,000	20,900,000,000
Aug04,2017	225.31	227.62	222.06	223.07	539,783,000	21,125,600,000
Aug03,2017	220.18	228.29	219.89	225.34	557,217,000	20,640,100,000
Aug02,2017	227.01	229.51	218.12	219.95	632,606,000	21,275,200,000
Aug01,2017	204.69	227.74	204.69	226.77	1,585,330,000	19,179,100,000
Jul31,2017	197.41	203.87	193.41	203.87	569,414,000	18,492,000,000
Jul30,2017	206.74	208.54	196.15	197.98	596,234,000	19,360,900,000
Jul29,2017	193.34	208.68	179.65	205.79	824,355,000	18,101,800,000
Jul28,2017	204.33	204.9	192.3	193.12	562,571,000	19,125,100,000
Jul27,2017	204.86	206.44	201.26	204.32	393,283,000	19,169,800,000
Jul26,2017	207.09	210.77	194.78	203.95	717,692,000	19,373,400,000
Jul25,2017	224.37	225.32	195.85	206.71	1,095,760,000	20,985,200,000